x <- 1

y <- x*2

y <- x+1

z <- matrix(15,51,15, ncol = 3)
